correlation =

    1.0000    0.2646    0.2764    0.1915    0.3629    0.1256    0.2027
    0.2646    1.0000    0.3666    0.2233    0.3748    0.1201    0.4508
    0.2764    0.3666    1.0000    0.2306    0.5229    0.0736    0.4091
    0.1915    0.2233    0.2306    1.0000    0.1991    0.0607    0.2173
    0.3629    0.3748    0.5229    0.1991    1.0000    0.0643    0.3855
    0.1256    0.1201    0.0736    0.0607    0.0643    1.0000    0.1850
    0.2027    0.4508    0.4091    0.2173    0.3855    0.1850    1.0000